0.0512495
0.000264262
295046
240096
167458
15100.1
131.275
131.796
1088.49
308.765
672.122
251.017
242.303
98.0716
69.4457
69.2767
234.292
168.062
65.4096
143.978
28.9418
172.75
24.0097
159.11
27.5047
122.085
7.84284
33.0967
21.3158
14.0586
11.7541
6.88645
6.45505
2.2645
2.3087
0.282613
0.109268
0.00070618
2.61173e-05
1.74196e-11
0.804772
0.0267567
0.0265979
0.0253995
0.304607
0.472381
0.00155386
1.39434e-06
9.14698e-20
1.8976e-11
5.19363e-20
6.34162e-47
2.45357e-23
5.20824e-43
2.47891e-35
5.31638e-67
2.50451e-47
2.53037e-59
2.55651e-71
2.58291e-83
2.60958e-95
2.63654e-107
2.66376e-119
2.69128e-131
2.71907e-143
2.74715e-155
2.77552e-167
2.80419e-179
2.83315e-191
2.86241e-203
2.89197e-215
2.92184e-227
2.95201e-239
2.9825e-251
3.0133e-263
3.04443e-275
3.07587e-287
3.10763e-299
3.13973e-311
3.17216e-323
3.20492e-335
3.23802e-347
3.27146e-359
3.30524e-371
3.33938e-383
