2.99746
2.98999
1.79888
1.445
0.942695
0.00287852
1.8718e-05
1.30453e-05
0.000251686
0.000273074
0.00132943
0.000622158
0.000559067
0.000225539
0.000188975
8.47508e-05
0.000408585
0.000183284
9.95661e-05
0.000117737
3.81691e-05
0.000125544
5.28122e-05
9.07232e-05
3.81068e-05
5.05222e-05
3.27366e-05
1.01443e-05
1.5676e-05
1.80399e-05
1.7762e-05
1.88296e-05
1.79615e-05
1.8966e-05
1.83192e-05
1.88202e-05
1.87412e-05
1.8767e-05
5.36768e-06
5.36769e-06
1.04252e-11
1.07451e-11
1.07371e-11
1.06778e-11
1.0249e-11
9.62442e-12
9.4066e-12
9.40721e-12
9.40721e-12
9.45565e-18
9.45566e-18
9.45566e-18
9.50436e-24
9.50436e-24
9.55331e-30
9.55331e-30
9.60252e-36
9.65198e-42
9.70169e-48
9.75166e-54
9.80189e-60
9.85237e-66
9.90312e-72
9.95412e-78
1.00054e-83
1.00569e-89
1.01087e-95
1.01608e-101
1.02131e-107
1.02657e-113
1.03186e-119
1.03718e-125
1.04252e-131
1.04789e-137
1.05328e-143
1.05871e-149
1.06416e-155
1.06964e-161
1.07515e-167
1.08069e-173
1.08626e-179
1.09185e-185
1.09747e-191
1.10313e-197
1.10881e-203
