2.99746
2.98999
1.79888
1.445
0.942695
0.00287852
1.8718e-05
1.30453e-05
0.000251686
0.000273074
0.00132943
0.000622158
0.000559067
0.000225539
0.000188975
8.47508e-05
0.000408585
0.000183284
9.95661e-05
0.000117737
3.81691e-05
0.000125544
5.28122e-05
9.07232e-05
3.81068e-05
5.05222e-05
3.27366e-05
1.01443e-05
1.5676e-05
1.80399e-05
1.7762e-05
1.88296e-05
1.79615e-05
1.8966e-05
1.83192e-05
1.88202e-05
1.87412e-05
1.8767e-05
8.41497e-10
8.3836e-10
2.92533e-14
2.92533e-14
1.02066e-18
1.02066e-18
3.56109e-23
1.24247e-27
4.33502e-32
1.5125e-36
5.27714e-41
1.84121e-45
6.42401e-50
2.24135e-54
7.82013e-59
2.72846e-63
9.51966e-68
3.32143e-72
1.15885e-76
4.04327e-81
1.41071e-85
4.92199e-90
1.71729e-94
5.99167e-99
2.09051e-103
7.29383e-108
2.54484e-112
8.87899e-117
3.0979e-121
1.08086e-125
3.77116e-130
1.31577e-134
4.59074e-139
1.60172e-143
5.58844e-148
1.94982e-152
6.80296e-157
2.37357e-161
8.28143e-166
2.88941e-170
1.00812e-174
3.51736e-179
1.22722e-183
4.28178e-188
1.49392e-192
5.21233e-197
1.8186e-201
