100
100
1e+08
1e+08
1e+08
1e+08
1e+08
1e+08
1e+08
1e+08
1e+08
1e+08
1e+08
1e+08
1e+08
1e+08
1e+08
1e+08
1e+08
1e+08
1e+08
1e+08
1e+08
1e+08
1e+08
1e+08
1e+08
1e+08
1e+08
1e+08
1e+08
1e+08
1e+08
1e+08
1e+08
1e+08
1e+08
1e+08
1e+08
1e+08
1e+08
1e+08
1e+08
1e+08
1e+08
1e+08
1e+08
1e+08
1e+08
1e+08
1e+08
1e+08
1e+08
1e+08
1e+08
1e+08
1e+08
1e+08
1e+08
1e+08
1e+08
1e+08
1e+08
1e+08
1e+08
1e+08
1e+08
1e+08
1e+08
1e+08
1e+08
1e+08
1e+08
1e+08
1e+08
1e+08
1e+08
1e+08
1e+08
1e+08
1e+08
1e+08
1e+08
1e+08
1e+08
